0000000000001001 
0000000000100011 
0000000000111001 
0000000001000101 
0000000001011000 
0000000001101100 
0000000001101111 
0000000010000000 
0000000001111101 
0000000001111011 
0000000001101110 
0000000001100010 
0000000001011010 
0000000001000011 
0000000000101110 
0000000000010101 
1111111111111101 
1111111111100101 
1111111111010100 
1111111110111011 
1111111110101011 
1111111110100011 
1111111110011010 
1111111110010000 
1111111110001011 
1111111110010110 
1111111110011100 
1111111110101110 
1111111110111000 
1111111111010010 
1111111111100101 
1111111111111010 
